(kicad_pcb (version 20171130) (host pcbnew "(5.1.10)-1")

  (general
    (thickness 1.6)
    (drawings 4)
    (tracks 370)
    (zones 0)
    (modules 32)
    (nets 62)
  )

  (page A4)
  (layers
    (0 F.Cu signal)
    (31 B.Cu signal)
    (32 B.Adhes user)
    (33 F.Adhes user)
    (34 B.Paste user)
    (35 F.Paste user)
    (36 B.SilkS user)
    (37 F.SilkS user)
    (38 B.Mask user)
    (39 F.Mask user)
    (40 Dwgs.User user)
    (41 Cmts.User user)
    (42 Eco1.User user)
    (43 Eco2.User user)
    (44 Edge.Cuts user)
    (45 Margin user)
    (46 B.CrtYd user)
    (47 F.CrtYd user)
    (48 B.Fab user)
    (49 F.Fab user)
  )

  (setup
    (last_trace_width 0.25)
    (trace_clearance 0.2)
    (zone_clearance 0.508)
    (zone_45_only no)
    (trace_min 0.2)
    (via_size 0.8)
    (via_drill 0.4)
    (via_min_size 0.4)
    (via_min_drill 0.3)
    (uvia_size 0.3)
    (uvia_drill 0.1)
    (uvias_allowed no)
    (uvia_min_size 0.2)
    (uvia_min_drill 0.1)
    (edge_width 0.05)
    (segment_width 0.2)
    (pcb_text_width 0.3)
    (pcb_text_size 1.5 1.5)
    (mod_edge_width 0.12)
    (mod_text_size 1 1)
    (mod_text_width 0.15)
    (pad_size 1.524 1.524)
    (pad_drill 0.762)
    (pad_to_mask_clearance 0)
    (aux_axis_origin 0 0)
    (visible_elements 7FFFFFFF)
    (pcbplotparams
      (layerselection 0x010fc_ffffffff)
      (usegerberextensions false)
      (usegerberattributes true)
      (usegerberadvancedattributes true)
      (creategerberjobfile true)
      (excludeedgelayer true)
      (linewidth 0.100000)
      (plotframeref false)
      (viasonmask false)
      (mode 1)
      (useauxorigin false)
      (hpglpennumber 1)
      (hpglpenspeed 20)
      (hpglpendiameter 15.000000)
      (psnegative false)
      (psa4output false)
      (plotreference true)
      (plotvalue true)
      (plotinvisibletext false)
      (padsonsilk false)
      (subtractmaskfromsilk false)
      (outputformat 1)
      (mirror false)
      (drillshape 0)
      (scaleselection 1)
      (outputdirectory "./"))
  )

  (net 0 "")
  (net 1 "Net-(C1-Pad2)")
  (net 2 "Net-(C1-Pad1)")
  (net 3 "Net-(C2-Pad1)")
  (net 4 "Net-(C2-Pad2)")
  (net 5 "Net-(C3-Pad1)")
  (net 6 "Net-(C4-Pad1)")
  (net 7 GND)
  (net 8 "Net-(C5-Pad1)")
  (net 9 "Net-(C6-Pad1)")
  (net 10 VCC)
  (net 11 "Net-(D2-Pad2)")
  (net 12 "Net-(D4-Pad2)")
  (net 13 "Net-(D6-Pad1)")
  (net 14 "Net-(D7-Pad1)")
  (net 15 "Net-(D8-Pad1)")
  (net 16 "Net-(D10-Pad2)")
  (net 17 "Net-(J1-Pad6)")
  (net 18 "Net-(J1-Pad5)")
  (net 19 "Net-(J1-Pad2)")
  (net 20 "Net-(J1-Pad1)")
  (net 21 "Net-(R5-Pad1)")
  (net 22 "Net-(R10-Pad1)")
  (net 23 "Net-(R12-Pad2)")
  (net 24 "Net-(U1-Pad10)")
  (net 25 "Net-(U1-Pad11)")
  (net 26 "Net-(U1-Pad13)")
  (net 27 "Net-(U1-Pad14)")
  (net 28 "Net-(U1-Pad7)")
  (net 29 "Net-(U1-Pad15)")
  (net 30 "Net-(U2-Pad2)")
  (net 31 "Net-(U2-Pad19)")
  (net 32 "Net-(U2-Pad3)")
  (net 33 "Net-(U2-Pad4)")
  (net 34 "Net-(U2-Pad7)")
  (net 35 "Net-(U2-Pad10)")
  (net 36 "Net-(U2-Pad11)")
  (net 37 "Net-(U2-Pad12)")
  (net 38 "Net-(U2-Pad13)")
  (net 39 "Net-(U2-Pad14)")
  (net 40 "Net-(U2-Pad15)")
  (net 41 "Net-(U2-Pad16)")
  (net 42 "Net-(U2-Pad17)")
  (net 43 "Net-(U2-Pad18)")
  (net 44 "Net-(U2-Pad21)")
  (net 45 "Net-(U2-Pad22)")
  (net 46 "Net-(U2-Pad23)")
  (net 47 "Net-(U2-Pad24)")
  (net 48 "Net-(U2-Pad25)")
  (net 49 "Net-(U2-Pad26)")
  (net 50 "Net-(U2-Pad27)")
  (net 51 "Net-(U2-Pad28)")
  (net 52 "Net-(U2-Pad29)")
  (net 53 "Net-(U2-Pad30)")
  (net 54 "Net-(U2-Pad31)")
  (net 55 "Net-(U2-Pad32)")
  (net 56 "Net-(U2-Pad33)")
  (net 57 "Net-(U2-Pad34)")
  (net 58 "Net-(U2-Pad35)")
  (net 59 "Net-(U2-Pad36)")
  (net 60 "Net-(U2-Pad37)")
  (net 61 "Net-(U2-Pad38)")

  (net_class Default "This is the default net class."
    (clearance 0.2)
    (trace_width 0.25)
    (via_dia 0.8)
    (via_drill 0.4)
    (uvia_dia 0.3)
    (uvia_drill 0.1)
    (add_net GND)
    (add_net "Net-(C1-Pad1)")
    (add_net "Net-(C1-Pad2)")
    (add_net "Net-(C2-Pad1)")
    (add_net "Net-(C2-Pad2)")
    (add_net "Net-(C3-Pad1)")
    (add_net "Net-(C4-Pad1)")
    (add_net "Net-(C5-Pad1)")
    (add_net "Net-(C6-Pad1)")
    (add_net "Net-(D10-Pad2)")
    (add_net "Net-(D2-Pad2)")
    (add_net "Net-(D4-Pad2)")
    (add_net "Net-(D6-Pad1)")
    (add_net "Net-(D7-Pad1)")
    (add_net "Net-(D8-Pad1)")
    (add_net "Net-(J1-Pad1)")
    (add_net "Net-(J1-Pad2)")
    (add_net "Net-(J1-Pad5)")
    (add_net "Net-(J1-Pad6)")
    (add_net "Net-(R10-Pad1)")
    (add_net "Net-(R12-Pad2)")
    (add_net "Net-(R5-Pad1)")
    (add_net "Net-(U1-Pad10)")
    (add_net "Net-(U1-Pad11)")
    (add_net "Net-(U1-Pad13)")
    (add_net "Net-(U1-Pad14)")
    (add_net "Net-(U1-Pad15)")
    (add_net "Net-(U1-Pad7)")
    (add_net "Net-(U2-Pad10)")
    (add_net "Net-(U2-Pad11)")
    (add_net "Net-(U2-Pad12)")
    (add_net "Net-(U2-Pad13)")
    (add_net "Net-(U2-Pad14)")
    (add_net "Net-(U2-Pad15)")
    (add_net "Net-(U2-Pad16)")
    (add_net "Net-(U2-Pad17)")
    (add_net "Net-(U2-Pad18)")
    (add_net "Net-(U2-Pad19)")
    (add_net "Net-(U2-Pad2)")
    (add_net "Net-(U2-Pad21)")
    (add_net "Net-(U2-Pad22)")
    (add_net "Net-(U2-Pad23)")
    (add_net "Net-(U2-Pad24)")
    (add_net "Net-(U2-Pad25)")
    (add_net "Net-(U2-Pad26)")
    (add_net "Net-(U2-Pad27)")
    (add_net "Net-(U2-Pad28)")
    (add_net "Net-(U2-Pad29)")
    (add_net "Net-(U2-Pad3)")
    (add_net "Net-(U2-Pad30)")
    (add_net "Net-(U2-Pad31)")
    (add_net "Net-(U2-Pad32)")
    (add_net "Net-(U2-Pad33)")
    (add_net "Net-(U2-Pad34)")
    (add_net "Net-(U2-Pad35)")
    (add_net "Net-(U2-Pad36)")
    (add_net "Net-(U2-Pad37)")
    (add_net "Net-(U2-Pad38)")
    (add_net "Net-(U2-Pad4)")
    (add_net "Net-(U2-Pad7)")
    (add_net VCC)
  )

  (module Capacitor_SMD:C_0603_1608Metric (layer F.Cu) (tedit 5F68FEEE) (tstamp 60D15BF1)
    (at 77.115 80.765)
    (descr "Capacitor SMD 0603 (1608 Metric), square (rectangular) end terminal, IPC_7351 nominal, (Body size source: IPC-SM-782 page 76, https://www.pcb-3d.com/wordpress/wp-content/uploads/ipc-sm-782a_amendment_1_and_2.pdf), generated with kicad-footprint-generator")
    (tags capacitor)
    (path /60A21898)
    (attr smd)
    (fp_text reference C1 (at 0 -1.43) (layer F.SilkS)
      (effects (font (size 1 1) (thickness 0.15)))
    )
    (fp_text value 22nF (at 0 1.43) (layer F.Fab)
      (effects (font (size 1 1) (thickness 0.15)))
    )
    (fp_line (start -0.8 0.4) (end -0.8 -0.4) (layer F.Fab) (width 0.1))
    (fp_line (start -0.8 -0.4) (end 0.8 -0.4) (layer F.Fab) (width 0.1))
    (fp_line (start 0.8 -0.4) (end 0.8 0.4) (layer F.Fab) (width 0.1))
    (fp_line (start 0.8 0.4) (end -0.8 0.4) (layer F.Fab) (width 0.1))
    (fp_line (start -0.14058 -0.51) (end 0.14058 -0.51) (layer F.SilkS) (width 0.12))
    (fp_line (start -0.14058 0.51) (end 0.14058 0.51) (layer F.SilkS) (width 0.12))
    (fp_line (start -1.48 0.73) (end -1.48 -0.73) (layer F.CrtYd) (width 0.05))
    (fp_line (start -1.48 -0.73) (end 1.48 -0.73) (layer F.CrtYd) (width 0.05))
    (fp_line (start 1.48 -0.73) (end 1.48 0.73) (layer F.CrtYd) (width 0.05))
    (fp_line (start 1.48 0.73) (end -1.48 0.73) (layer F.CrtYd) (width 0.05))
    (fp_text user %R (at 0 0) (layer F.Fab)
      (effects (font (size 0.4 0.4) (thickness 0.06)))
    )
    (pad 2 smd roundrect (at 0.775 0) (size 0.9 0.95) (layers F.Cu F.Paste F.Mask) (roundrect_rratio 0.25)
      (net 1 "Net-(C1-Pad2)"))
    (pad 1 smd roundrect (at -0.775 0) (size 0.9 0.95) (layers F.Cu F.Paste F.Mask) (roundrect_rratio 0.25)
      (net 2 "Net-(C1-Pad1)"))
    (model ${KISYS3DMOD}/Capacitor_SMD.3dshapes/C_0603_1608Metric.wrl
      (at (xyz 0 0 0))
      (scale (xyz 1 1 1))
      (rotate (xyz 0 0 0))
    )
  )

  (module Capacitor_SMD:C_0603_1608Metric (layer F.Cu) (tedit 5F68FEEE) (tstamp 60D15C02)
    (at 92.155 35.015)
    (descr "Capacitor SMD 0603 (1608 Metric), square (rectangular) end terminal, IPC_7351 nominal, (Body size source: IPC-SM-782 page 76, https://www.pcb-3d.com/wordpress/wp-content/uploads/ipc-sm-782a_amendment_1_and_2.pdf), generated with kicad-footprint-generator")
    (tags capacitor)
    (path /60A2283C)
    (attr smd)
    (fp_text reference C2 (at 0 -1.43) (layer F.SilkS)
      (effects (font (size 1 1) (thickness 0.15)))
    )
    (fp_text value 22nF (at 0 1.43) (layer F.Fab)
      (effects (font (size 1 1) (thickness 0.15)))
    )
    (fp_line (start 1.48 0.73) (end -1.48 0.73) (layer F.CrtYd) (width 0.05))
    (fp_line (start 1.48 -0.73) (end 1.48 0.73) (layer F.CrtYd) (width 0.05))
    (fp_line (start -1.48 -0.73) (end 1.48 -0.73) (layer F.CrtYd) (width 0.05))
    (fp_line (start -1.48 0.73) (end -1.48 -0.73) (layer F.CrtYd) (width 0.05))
    (fp_line (start -0.14058 0.51) (end 0.14058 0.51) (layer F.SilkS) (width 0.12))
    (fp_line (start -0.14058 -0.51) (end 0.14058 -0.51) (layer F.SilkS) (width 0.12))
    (fp_line (start 0.8 0.4) (end -0.8 0.4) (layer F.Fab) (width 0.1))
    (fp_line (start 0.8 -0.4) (end 0.8 0.4) (layer F.Fab) (width 0.1))
    (fp_line (start -0.8 -0.4) (end 0.8 -0.4) (layer F.Fab) (width 0.1))
    (fp_line (start -0.8 0.4) (end -0.8 -0.4) (layer F.Fab) (width 0.1))
    (fp_text user %R (at 0 0) (layer F.Fab)
      (effects (font (size 0.4 0.4) (thickness 0.06)))
    )
    (pad 1 smd roundrect (at -0.775 0) (size 0.9 0.95) (layers F.Cu F.Paste F.Mask) (roundrect_rratio 0.25)
      (net 3 "Net-(C2-Pad1)"))
    (pad 2 smd roundrect (at 0.775 0) (size 0.9 0.95) (layers F.Cu F.Paste F.Mask) (roundrect_rratio 0.25)
      (net 4 "Net-(C2-Pad2)"))
    (model ${KISYS3DMOD}/Capacitor_SMD.3dshapes/C_0603_1608Metric.wrl
      (at (xyz 0 0 0))
      (scale (xyz 1 1 1))
      (rotate (xyz 0 0 0))
    )
  )

  (module Capacitor_SMD:C_0603_1608Metric (layer F.Cu) (tedit 5F68FEEE) (tstamp 60D15C13)
    (at 92.155 32.505)
    (descr "Capacitor SMD 0603 (1608 Metric), square (rectangular) end terminal, IPC_7351 nominal, (Body size source: IPC-SM-782 page 76, https://www.pcb-3d.com/wordpress/wp-content/uploads/ipc-sm-782a_amendment_1_and_2.pdf), generated with kicad-footprint-generator")
    (tags capacitor)
    (path /60A33EE0)
    (attr smd)
    (fp_text reference C3 (at 0 -1.43) (layer F.SilkS)
      (effects (font (size 1 1) (thickness 0.15)))
    )
    (fp_text value 22nF (at 0 1.43) (layer F.Fab)
      (effects (font (size 1 1) (thickness 0.15)))
    )
    (fp_line (start -0.8 0.4) (end -0.8 -0.4) (layer F.Fab) (width 0.1))
    (fp_line (start -0.8 -0.4) (end 0.8 -0.4) (layer F.Fab) (width 0.1))
    (fp_line (start 0.8 -0.4) (end 0.8 0.4) (layer F.Fab) (width 0.1))
    (fp_line (start 0.8 0.4) (end -0.8 0.4) (layer F.Fab) (width 0.1))
    (fp_line (start -0.14058 -0.51) (end 0.14058 -0.51) (layer F.SilkS) (width 0.12))
    (fp_line (start -0.14058 0.51) (end 0.14058 0.51) (layer F.SilkS) (width 0.12))
    (fp_line (start -1.48 0.73) (end -1.48 -0.73) (layer F.CrtYd) (width 0.05))
    (fp_line (start -1.48 -0.73) (end 1.48 -0.73) (layer F.CrtYd) (width 0.05))
    (fp_line (start 1.48 -0.73) (end 1.48 0.73) (layer F.CrtYd) (width 0.05))
    (fp_line (start 1.48 0.73) (end -1.48 0.73) (layer F.CrtYd) (width 0.05))
    (fp_text user %R (at 0 0) (layer F.Fab)
      (effects (font (size 0.4 0.4) (thickness 0.06)))
    )
    (pad 2 smd roundrect (at 0.775 0) (size 0.9 0.95) (layers F.Cu F.Paste F.Mask) (roundrect_rratio 0.25)
      (net 1 "Net-(C1-Pad2)"))
    (pad 1 smd roundrect (at -0.775 0) (size 0.9 0.95) (layers F.Cu F.Paste F.Mask) (roundrect_rratio 0.25)
      (net 5 "Net-(C3-Pad1)"))
    (model ${KISYS3DMOD}/Capacitor_SMD.3dshapes/C_0603_1608Metric.wrl
      (at (xyz 0 0 0))
      (scale (xyz 1 1 1))
      (rotate (xyz 0 0 0))
    )
  )

  (module Capacitor_SMD:C_0603_1608Metric (layer F.Cu) (tedit 5F68FEEE) (tstamp 60D15C24)
    (at 69.405 76.235 90)
    (descr "Capacitor SMD 0603 (1608 Metric), square (rectangular) end terminal, IPC_7351 nominal, (Body size source: IPC-SM-782 page 76, https://www.pcb-3d.com/wordpress/wp-content/uploads/ipc-sm-782a_amendment_1_and_2.pdf), generated with kicad-footprint-generator")
    (tags capacitor)
    (path /60A3488F)
    (attr smd)
    (fp_text reference C4 (at 0 -1.43 90) (layer F.SilkS)
      (effects (font (size 1 1) (thickness 0.15)))
    )
    (fp_text value 22nF (at 0 1.43 90) (layer F.Fab)
      (effects (font (size 1 1) (thickness 0.15)))
    )
    (fp_line (start 1.48 0.73) (end -1.48 0.73) (layer F.CrtYd) (width 0.05))
    (fp_line (start 1.48 -0.73) (end 1.48 0.73) (layer F.CrtYd) (width 0.05))
    (fp_line (start -1.48 -0.73) (end 1.48 -0.73) (layer F.CrtYd) (width 0.05))
    (fp_line (start -1.48 0.73) (end -1.48 -0.73) (layer F.CrtYd) (width 0.05))
    (fp_line (start -0.14058 0.51) (end 0.14058 0.51) (layer F.SilkS) (width 0.12))
    (fp_line (start -0.14058 -0.51) (end 0.14058 -0.51) (layer F.SilkS) (width 0.12))
    (fp_line (start 0.8 0.4) (end -0.8 0.4) (layer F.Fab) (width 0.1))
    (fp_line (start 0.8 -0.4) (end 0.8 0.4) (layer F.Fab) (width 0.1))
    (fp_line (start -0.8 -0.4) (end 0.8 -0.4) (layer F.Fab) (width 0.1))
    (fp_line (start -0.8 0.4) (end -0.8 -0.4) (layer F.Fab) (width 0.1))
    (fp_text user %R (at 0 0 90) (layer F.Fab)
      (effects (font (size 0.4 0.4) (thickness 0.06)))
    )
    (pad 1 smd roundrect (at -0.775 0 90) (size 0.9 0.95) (layers F.Cu F.Paste F.Mask) (roundrect_rratio 0.25)
      (net 6 "Net-(C4-Pad1)"))
    (pad 2 smd roundrect (at 0.775 0 90) (size 0.9 0.95) (layers F.Cu F.Paste F.Mask) (roundrect_rratio 0.25)
      (net 4 "Net-(C2-Pad2)"))
    (model ${KISYS3DMOD}/Capacitor_SMD.3dshapes/C_0603_1608Metric.wrl
      (at (xyz 0 0 0))
      (scale (xyz 1 1 1))
      (rotate (xyz 0 0 0))
    )
  )

  (module Capacitor_SMD:C_0603_1608Metric (layer F.Cu) (tedit 5F68FEEE) (tstamp 60D15C35)
    (at 82.855 56.805)
    (descr "Capacitor SMD 0603 (1608 Metric), square (rectangular) end terminal, IPC_7351 nominal, (Body size source: IPC-SM-782 page 76, https://www.pcb-3d.com/wordpress/wp-content/uploads/ipc-sm-782a_amendment_1_and_2.pdf), generated with kicad-footprint-generator")
    (tags capacitor)
    (path /60A8A1CA)
    (attr smd)
    (fp_text reference C5 (at 0 -1.43) (layer F.SilkS)
      (effects (font (size 1 1) (thickness 0.15)))
    )
    (fp_text value 104K (at 0 1.43) (layer F.Fab)
      (effects (font (size 1 1) (thickness 0.15)))
    )
    (fp_line (start -0.8 0.4) (end -0.8 -0.4) (layer F.Fab) (width 0.1))
    (fp_line (start -0.8 -0.4) (end 0.8 -0.4) (layer F.Fab) (width 0.1))
    (fp_line (start 0.8 -0.4) (end 0.8 0.4) (layer F.Fab) (width 0.1))
    (fp_line (start 0.8 0.4) (end -0.8 0.4) (layer F.Fab) (width 0.1))
    (fp_line (start -0.14058 -0.51) (end 0.14058 -0.51) (layer F.SilkS) (width 0.12))
    (fp_line (start -0.14058 0.51) (end 0.14058 0.51) (layer F.SilkS) (width 0.12))
    (fp_line (start -1.48 0.73) (end -1.48 -0.73) (layer F.CrtYd) (width 0.05))
    (fp_line (start -1.48 -0.73) (end 1.48 -0.73) (layer F.CrtYd) (width 0.05))
    (fp_line (start 1.48 -0.73) (end 1.48 0.73) (layer F.CrtYd) (width 0.05))
    (fp_line (start 1.48 0.73) (end -1.48 0.73) (layer F.CrtYd) (width 0.05))
    (fp_text user %R (at 0 0) (layer F.Fab)
      (effects (font (size 0.4 0.4) (thickness 0.06)))
    )
    (pad 2 smd roundrect (at 0.775 0) (size 0.9 0.95) (layers F.Cu F.Paste F.Mask) (roundrect_rratio 0.25)
      (net 7 GND))
    (pad 1 smd roundrect (at -0.775 0) (size 0.9 0.95) (layers F.Cu F.Paste F.Mask) (roundrect_rratio 0.25)
      (net 8 "Net-(C5-Pad1)"))
    (model ${KISYS3DMOD}/Capacitor_SMD.3dshapes/C_0603_1608Metric.wrl
      (at (xyz 0 0 0))
      (scale (xyz 1 1 1))
      (rotate (xyz 0 0 0))
    )
  )

  (module Capacitor_SMD:C_0603_1608Metric (layer F.Cu) (tedit 5F68FEEE) (tstamp 60D15C46)
    (at 69.405 80.245 90)
    (descr "Capacitor SMD 0603 (1608 Metric), square (rectangular) end terminal, IPC_7351 nominal, (Body size source: IPC-SM-782 page 76, https://www.pcb-3d.com/wordpress/wp-content/uploads/ipc-sm-782a_amendment_1_and_2.pdf), generated with kicad-footprint-generator")
    (tags capacitor)
    (path /60A41F15)
    (attr smd)
    (fp_text reference C6 (at 0 -1.43 90) (layer F.SilkS)
      (effects (font (size 1 1) (thickness 0.15)))
    )
    (fp_text value 470nF (at 0 1.43 90) (layer F.Fab)
      (effects (font (size 1 1) (thickness 0.15)))
    )
    (fp_line (start -0.8 0.4) (end -0.8 -0.4) (layer F.Fab) (width 0.1))
    (fp_line (start -0.8 -0.4) (end 0.8 -0.4) (layer F.Fab) (width 0.1))
    (fp_line (start 0.8 -0.4) (end 0.8 0.4) (layer F.Fab) (width 0.1))
    (fp_line (start 0.8 0.4) (end -0.8 0.4) (layer F.Fab) (width 0.1))
    (fp_line (start -0.14058 -0.51) (end 0.14058 -0.51) (layer F.SilkS) (width 0.12))
    (fp_line (start -0.14058 0.51) (end 0.14058 0.51) (layer F.SilkS) (width 0.12))
    (fp_line (start -1.48 0.73) (end -1.48 -0.73) (layer F.CrtYd) (width 0.05))
    (fp_line (start -1.48 -0.73) (end 1.48 -0.73) (layer F.CrtYd) (width 0.05))
    (fp_line (start 1.48 -0.73) (end 1.48 0.73) (layer F.CrtYd) (width 0.05))
    (fp_line (start 1.48 0.73) (end -1.48 0.73) (layer F.CrtYd) (width 0.05))
    (fp_text user %R (at 0 0 90) (layer F.Fab)
      (effects (font (size 0.4 0.4) (thickness 0.06)))
    )
    (pad 2 smd roundrect (at 0.775 0 90) (size 0.9 0.95) (layers F.Cu F.Paste F.Mask) (roundrect_rratio 0.25)
      (net 7 GND))
    (pad 1 smd roundrect (at -0.775 0 90) (size 0.9 0.95) (layers F.Cu F.Paste F.Mask) (roundrect_rratio 0.25)
      (net 9 "Net-(C6-Pad1)"))
    (model ${KISYS3DMOD}/Capacitor_SMD.3dshapes/C_0603_1608Metric.wrl
      (at (xyz 0 0 0))
      (scale (xyz 1 1 1))
      (rotate (xyz 0 0 0))
    )
  )

  (module Capacitor_SMD:C_0603_1608Metric (layer F.Cu) (tedit 5F68FEEE) (tstamp 60D15C57)
    (at 69.405 84.255 90)
    (descr "Capacitor SMD 0603 (1608 Metric), square (rectangular) end terminal, IPC_7351 nominal, (Body size source: IPC-SM-782 page 76, https://www.pcb-3d.com/wordpress/wp-content/uploads/ipc-sm-782a_amendment_1_and_2.pdf), generated with kicad-footprint-generator")
    (tags capacitor)
    (path /60A7CA6F)
    (attr smd)
    (fp_text reference C7 (at 0 -1.43 90) (layer F.SilkS)
      (effects (font (size 1 1) (thickness 0.15)))
    )
    (fp_text value 104K (at 0 1.43 90) (layer F.Fab)
      (effects (font (size 1 1) (thickness 0.15)))
    )
    (fp_line (start 1.48 0.73) (end -1.48 0.73) (layer F.CrtYd) (width 0.05))
    (fp_line (start 1.48 -0.73) (end 1.48 0.73) (layer F.CrtYd) (width 0.05))
    (fp_line (start -1.48 -0.73) (end 1.48 -0.73) (layer F.CrtYd) (width 0.05))
    (fp_line (start -1.48 0.73) (end -1.48 -0.73) (layer F.CrtYd) (width 0.05))
    (fp_line (start -0.14058 0.51) (end 0.14058 0.51) (layer F.SilkS) (width 0.12))
    (fp_line (start -0.14058 -0.51) (end 0.14058 -0.51) (layer F.SilkS) (width 0.12))
    (fp_line (start 0.8 0.4) (end -0.8 0.4) (layer F.Fab) (width 0.1))
    (fp_line (start 0.8 -0.4) (end 0.8 0.4) (layer F.Fab) (width 0.1))
    (fp_line (start -0.8 -0.4) (end 0.8 -0.4) (layer F.Fab) (width 0.1))
    (fp_line (start -0.8 0.4) (end -0.8 -0.4) (layer F.Fab) (width 0.1))
    (fp_text user %R (at 0 0 90) (layer F.Fab)
      (effects (font (size 0.4 0.4) (thickness 0.06)))
    )
    (pad 1 smd roundrect (at -0.775 0 90) (size 0.9 0.95) (layers F.Cu F.Paste F.Mask) (roundrect_rratio 0.25)
      (net 7 GND))
    (pad 2 smd roundrect (at 0.775 0 90) (size 0.9 0.95) (layers F.Cu F.Paste F.Mask) (roundrect_rratio 0.25)
      (net 10 VCC))
    (model ${KISYS3DMOD}/Capacitor_SMD.3dshapes/C_0603_1608Metric.wrl
      (at (xyz 0 0 0))
      (scale (xyz 1 1 1))
      (rotate (xyz 0 0 0))
    )
  )

  (module Diode_THT:D_DO-41_SOD81_P7.62mm_Horizontal (layer F.Cu) (tedit 5AE50CD5) (tstamp 60D15C76)
    (at 80.655 46.125)
    (descr "Diode, DO-41_SOD81 series, Axial, Horizontal, pin pitch=7.62mm, , length*diameter=5.2*2.7mm^2, , http://www.diodes.com/_files/packages/DO-41%20(Plastic).pdf")
    (tags "Diode DO-41_SOD81 series Axial Horizontal pin pitch 7.62mm  length 5.2mm diameter 2.7mm")
    (path /60A239DD)
    (fp_text reference D2 (at 3.81 -2.47) (layer F.SilkS)
      (effects (font (size 1 1) (thickness 0.15)))
    )
    (fp_text value 1N4003 (at 3.81 2.47) (layer F.Fab)
      (effects (font (size 1 1) (thickness 0.15)))
    )
    (fp_line (start 8.97 -1.6) (end -1.35 -1.6) (layer F.CrtYd) (width 0.05))
    (fp_line (start 8.97 1.6) (end 8.97 -1.6) (layer F.CrtYd) (width 0.05))
    (fp_line (start -1.35 1.6) (end 8.97 1.6) (layer F.CrtYd) (width 0.05))
    (fp_line (start -1.35 -1.6) (end -1.35 1.6) (layer F.CrtYd) (width 0.05))
    (fp_line (start 1.87 -1.47) (end 1.87 1.47) (layer F.SilkS) (width 0.12))
    (fp_line (start 2.11 -1.47) (end 2.11 1.47) (layer F.SilkS) (width 0.12))
    (fp_line (start 1.99 -1.47) (end 1.99 1.47) (layer F.SilkS) (width 0.12))
    (fp_line (start 6.53 1.47) (end 6.53 1.34) (layer F.SilkS) (width 0.12))
    (fp_line (start 1.09 1.47) (end 6.53 1.47) (layer F.SilkS) (width 0.12))
    (fp_line (start 1.09 1.34) (end 1.09 1.47) (layer F.SilkS) (width 0.12))
    (fp_line (start 6.53 -1.47) (end 6.53 -1.34) (layer F.SilkS) (width 0.12))
    (fp_line (start 1.09 -1.47) (end 6.53 -1.47) (layer F.SilkS) (width 0.12))
    (fp_line (start 1.09 -1.34) (end 1.09 -1.47) (layer F.SilkS) (width 0.12))
    (fp_line (start 1.89 -1.35) (end 1.89 1.35) (layer F.Fab) (width 0.1))
    (fp_line (start 2.09 -1.35) (end 2.09 1.35) (layer F.Fab) (width 0.1))
    (fp_line (start 1.99 -1.35) (end 1.99 1.35) (layer F.Fab) (width 0.1))
    (fp_line (start 7.62 0) (end 6.41 0) (layer F.Fab) (width 0.1))
    (fp_line (start 0 0) (end 1.21 0) (layer F.Fab) (width 0.1))
    (fp_line (start 6.41 -1.35) (end 1.21 -1.35) (layer F.Fab) (width 0.1))
    (fp_line (start 6.41 1.35) (end 6.41 -1.35) (layer F.Fab) (width 0.1))
    (fp_line (start 1.21 1.35) (end 6.41 1.35) (layer F.Fab) (width 0.1))
    (fp_line (start 1.21 -1.35) (end 1.21 1.35) (layer F.Fab) (width 0.1))
    (fp_text user %R (at 4.2 0) (layer F.Fab)
      (effects (font (size 1 1) (thickness 0.15)))
    )
    (fp_text user K (at 0 -2.1) (layer F.Fab)
      (effects (font (size 1 1) (thickness 0.15)))
    )
    (fp_text user K (at 0 -2.1) (layer F.SilkS)
      (effects (font (size 1 1) (thickness 0.15)))
    )
    (pad 1 thru_hole rect (at 0 0) (size 2.2 2.2) (drill 1.1) (layers *.Cu *.Mask)
      (net 10 VCC))
    (pad 2 thru_hole oval (at 7.62 0) (size 2.2 2.2) (drill 1.1) (layers *.Cu *.Mask)
      (net 11 "Net-(D2-Pad2)"))
    (model ${KISYS3DMOD}/Diode_THT.3dshapes/D_DO-41_SOD81_P7.62mm_Horizontal.wrl
      (at (xyz 0 0 0))
      (scale (xyz 1 1 1))
      (rotate (xyz 0 0 0))
    )
  )

  (module Diode_THT:D_DO-41_SOD81_P7.62mm_Horizontal (layer F.Cu) (tedit 5AE50CD5) (tstamp 60D15C95)
    (at 69.575 70.425)
    (descr "Diode, DO-41_SOD81 series, Axial, Horizontal, pin pitch=7.62mm, , length*diameter=5.2*2.7mm^2, , http://www.diodes.com/_files/packages/DO-41%20(Plastic).pdf")
    (tags "Diode DO-41_SOD81 series Axial Horizontal pin pitch 7.62mm  length 5.2mm diameter 2.7mm")
    (path /60A243C7)
    (fp_text reference D3 (at 3.81 -2.47) (layer F.SilkS)
      (effects (font (size 1 1) (thickness 0.15)))
    )
    (fp_text value 1N4003 (at 3.81 2.47) (layer F.Fab)
      (effects (font (size 1 1) (thickness 0.15)))
    )
    (fp_line (start 1.21 -1.35) (end 1.21 1.35) (layer F.Fab) (width 0.1))
    (fp_line (start 1.21 1.35) (end 6.41 1.35) (layer F.Fab) (width 0.1))
    (fp_line (start 6.41 1.35) (end 6.41 -1.35) (layer F.Fab) (width 0.1))
    (fp_line (start 6.41 -1.35) (end 1.21 -1.35) (layer F.Fab) (width 0.1))
    (fp_line (start 0 0) (end 1.21 0) (layer F.Fab) (width 0.1))
    (fp_line (start 7.62 0) (end 6.41 0) (layer F.Fab) (width 0.1))
    (fp_line (start 1.99 -1.35) (end 1.99 1.35) (layer F.Fab) (width 0.1))
    (fp_line (start 2.09 -1.35) (end 2.09 1.35) (layer F.Fab) (width 0.1))
    (fp_line (start 1.89 -1.35) (end 1.89 1.35) (layer F.Fab) (width 0.1))
    (fp_line (start 1.09 -1.34) (end 1.09 -1.47) (layer F.SilkS) (width 0.12))
    (fp_line (start 1.09 -1.47) (end 6.53 -1.47) (layer F.SilkS) (width 0.12))
    (fp_line (start 6.53 -1.47) (end 6.53 -1.34) (layer F.SilkS) (width 0.12))
    (fp_line (start 1.09 1.34) (end 1.09 1.47) (layer F.SilkS) (width 0.12))
    (fp_line (start 1.09 1.47) (end 6.53 1.47) (layer F.SilkS) (width 0.12))
    (fp_line (start 6.53 1.47) (end 6.53 1.34) (layer F.SilkS) (width 0.12))
    (fp_line (start 1.99 -1.47) (end 1.99 1.47) (layer F.SilkS) (width 0.12))
    (fp_line (start 2.11 -1.47) (end 2.11 1.47) (layer F.SilkS) (width 0.12))
    (fp_line (start 1.87 -1.47) (end 1.87 1.47) (layer F.SilkS) (width 0.12))
    (fp_line (start -1.35 -1.6) (end -1.35 1.6) (layer F.CrtYd) (width 0.05))
    (fp_line (start -1.35 1.6) (end 8.97 1.6) (layer F.CrtYd) (width 0.05))
    (fp_line (start 8.97 1.6) (end 8.97 -1.6) (layer F.CrtYd) (width 0.05))
    (fp_line (start 8.97 -1.6) (end -1.35 -1.6) (layer F.CrtYd) (width 0.05))
    (fp_text user K (at 0 -2.1) (layer F.SilkS)
      (effects (font (size 1 1) (thickness 0.15)))
    )
    (fp_text user K (at 0 -2.1) (layer F.Fab)
      (effects (font (size 1 1) (thickness 0.15)))
    )
    (fp_text user %R (at 4.2 0) (layer F.Fab)
      (effects (font (size 1 1) (thickness 0.15)))
    )
    (pad 2 thru_hole oval (at 7.62 0) (size 2.2 2.2) (drill 1.1) (layers *.Cu *.Mask)
      (net 7 GND))
    (pad 1 thru_hole rect (at 0 0) (size 2.2 2.2) (drill 1.1) (layers *.Cu *.Mask)
      (net 11 "Net-(D2-Pad2)"))
    (model ${KISYS3DMOD}/Diode_THT.3dshapes/D_DO-41_SOD81_P7.62mm_Horizontal.wrl
      (at (xyz 0 0 0))
      (scale (xyz 1 1 1))
      (rotate (xyz 0 0 0))
    )
  )

  (module Diode_THT:D_DO-41_SOD81_P7.62mm_Horizontal (layer F.Cu) (tedit 5AE50CD5) (tstamp 60D15CB4)
    (at 80.945 61.925)
    (descr "Diode, DO-41_SOD81 series, Axial, Horizontal, pin pitch=7.62mm, , length*diameter=5.2*2.7mm^2, , http://www.diodes.com/_files/packages/DO-41%20(Plastic).pdf")
    (tags "Diode DO-41_SOD81 series Axial Horizontal pin pitch 7.62mm  length 5.2mm diameter 2.7mm")
    (path /60A25675)
    (fp_text reference D4 (at 3.81 -2.47) (layer F.SilkS)
      (effects (font (size 1 1) (thickness 0.15)))
    )
    (fp_text value 1N4003 (at 3.81 2.47) (layer F.Fab)
      (effects (font (size 1 1) (thickness 0.15)))
    )
    (fp_line (start 8.97 -1.6) (end -1.35 -1.6) (layer F.CrtYd) (width 0.05))
    (fp_line (start 8.97 1.6) (end 8.97 -1.6) (layer F.CrtYd) (width 0.05))
    (fp_line (start -1.35 1.6) (end 8.97 1.6) (layer F.CrtYd) (width 0.05))
    (fp_line (start -1.35 -1.6) (end -1.35 1.6) (layer F.CrtYd) (width 0.05))
    (fp_line (start 1.87 -1.47) (end 1.87 1.47) (layer F.SilkS) (width 0.12))
    (fp_line (start 2.11 -1.47) (end 2.11 1.47) (layer F.SilkS) (width 0.12))
    (fp_line (start 1.99 -1.47) (end 1.99 1.47) (layer F.SilkS) (width 0.12))
    (fp_line (start 6.53 1.47) (end 6.53 1.34) (layer F.SilkS) (width 0.12))
    (fp_line (start 1.09 1.47) (end 6.53 1.47) (layer F.SilkS) (width 0.12))
    (fp_line (start 1.09 1.34) (end 1.09 1.47) (layer F.SilkS) (width 0.12))
    (fp_line (start 6.53 -1.47) (end 6.53 -1.34) (layer F.SilkS) (width 0.12))
    (fp_line (start 1.09 -1.47) (end 6.53 -1.47) (layer F.SilkS) (width 0.12))
    (fp_line (start 1.09 -1.34) (end 1.09 -1.47) (layer F.SilkS) (width 0.12))
    (fp_line (start 1.89 -1.35) (end 1.89 1.35) (layer F.Fab) (width 0.1))
    (fp_line (start 2.09 -1.35) (end 2.09 1.35) (layer F.Fab) (width 0.1))
    (fp_line (start 1.99 -1.35) (end 1.99 1.35) (layer F.Fab) (width 0.1))
    (fp_line (start 7.62 0) (end 6.41 0) (layer F.Fab) (width 0.1))
    (fp_line (start 0 0) (end 1.21 0) (layer F.Fab) (width 0.1))
    (fp_line (start 6.41 -1.35) (end 1.21 -1.35) (layer F.Fab) (width 0.1))
    (fp_line (start 6.41 1.35) (end 6.41 -1.35) (layer F.Fab) (width 0.1))
    (fp_line (start 1.21 1.35) (end 6.41 1.35) (layer F.Fab) (width 0.1))
    (fp_line (start 1.21 -1.35) (end 1.21 1.35) (layer F.Fab) (width 0.1))
    (fp_text user %R (at 4.2 0) (layer F.Fab)
      (effects (font (size 1 1) (thickness 0.15)))
    )
    (fp_text user K (at 0 -2.1) (layer F.Fab)
      (effects (font (size 1 1) (thickness 0.15)))
    )
    (fp_text user K (at 0 -2.1) (layer F.SilkS)
      (effects (font (size 1 1) (thickness 0.15)))
    )
    (pad 1 thru_hole rect (at 0 0) (size 2.2 2.2) (drill 1.1) (layers *.Cu *.Mask)
      (net 10 VCC))
    (pad 2 thru_hole oval (at 7.62 0) (size 2.2 2.2) (drill 1.1) (layers *.Cu *.Mask)
      (net 12 "Net-(D4-Pad2)"))
    (model ${KISYS3DMOD}/Diode_THT.3dshapes/D_DO-41_SOD81_P7.62mm_Horizontal.wrl
      (at (xyz 0 0 0))
      (scale (xyz 1 1 1))
      (rotate (xyz 0 0 0))
    )
  )

  (module Diode_THT:D_DO-41_SOD81_P7.62mm_Horizontal (layer F.Cu) (tedit 5AE50CD5) (tstamp 60D15CD3)
    (at 69.575 66.175)
    (descr "Diode, DO-41_SOD81 series, Axial, Horizontal, pin pitch=7.62mm, , length*diameter=5.2*2.7mm^2, , http://www.diodes.com/_files/packages/DO-41%20(Plastic).pdf")
    (tags "Diode DO-41_SOD81 series Axial Horizontal pin pitch 7.62mm  length 5.2mm diameter 2.7mm")
    (path /60A2567B)
    (fp_text reference D5 (at 3.81 -2.47) (layer F.SilkS)
      (effects (font (size 1 1) (thickness 0.15)))
    )
    (fp_text value 1N4003 (at 3.81 2.47) (layer F.Fab)
      (effects (font (size 1 1) (thickness 0.15)))
    )
    (fp_line (start 1.21 -1.35) (end 1.21 1.35) (layer F.Fab) (width 0.1))
    (fp_line (start 1.21 1.35) (end 6.41 1.35) (layer F.Fab) (width 0.1))
    (fp_line (start 6.41 1.35) (end 6.41 -1.35) (layer F.Fab) (width 0.1))
    (fp_line (start 6.41 -1.35) (end 1.21 -1.35) (layer F.Fab) (width 0.1))
    (fp_line (start 0 0) (end 1.21 0) (layer F.Fab) (width 0.1))
    (fp_line (start 7.62 0) (end 6.41 0) (layer F.Fab) (width 0.1))
    (fp_line (start 1.99 -1.35) (end 1.99 1.35) (layer F.Fab) (width 0.1))
    (fp_line (start 2.09 -1.35) (end 2.09 1.35) (layer F.Fab) (width 0.1))
    (fp_line (start 1.89 -1.35) (end 1.89 1.35) (layer F.Fab) (width 0.1))
    (fp_line (start 1.09 -1.34) (end 1.09 -1.47) (layer F.SilkS) (width 0.12))
    (fp_line (start 1.09 -1.47) (end 6.53 -1.47) (layer F.SilkS) (width 0.12))
    (fp_line (start 6.53 -1.47) (end 6.53 -1.34) (layer F.SilkS) (width 0.12))
    (fp_line (start 1.09 1.34) (end 1.09 1.47) (layer F.SilkS) (width 0.12))
    (fp_line (start 1.09 1.47) (end 6.53 1.47) (layer F.SilkS) (width 0.12))
    (fp_line (start 6.53 1.47) (end 6.53 1.34) (layer F.SilkS) (width 0.12))
    (fp_line (start 1.99 -1.47) (end 1.99 1.47) (layer F.SilkS) (width 0.12))
    (fp_line (start 2.11 -1.47) (end 2.11 1.47) (layer F.SilkS) (width 0.12))
    (fp_line (start 1.87 -1.47) (end 1.87 1.47) (layer F.SilkS) (width 0.12))
    (fp_line (start -1.35 -1.6) (end -1.35 1.6) (layer F.CrtYd) (width 0.05))
    (fp_line (start -1.35 1.6) (end 8.97 1.6) (layer F.CrtYd) (width 0.05))
    (fp_line (start 8.97 1.6) (end 8.97 -1.6) (layer F.CrtYd) (width 0.05))
    (fp_line (start 8.97 -1.6) (end -1.35 -1.6) (layer F.CrtYd) (width 0.05))
    (fp_text user K (at 0 -2.1) (layer F.SilkS)
      (effects (font (size 1 1) (thickness 0.15)))
    )
    (fp_text user K (at 0 -2.1) (layer F.Fab)
      (effects (font (size 1 1) (thickness 0.15)))
    )
    (fp_text user %R (at 4.2 0) (layer F.Fab)
      (effects (font (size 1 1) (thickness 0.15)))
    )
    (pad 2 thru_hole oval (at 7.62 0) (size 2.2 2.2) (drill 1.1) (layers *.Cu *.Mask)
      (net 7 GND))
    (pad 1 thru_hole rect (at 0 0) (size 2.2 2.2) (drill 1.1) (layers *.Cu *.Mask)
      (net 12 "Net-(D4-Pad2)"))
    (model ${KISYS3DMOD}/Diode_THT.3dshapes/D_DO-41_SOD81_P7.62mm_Horizontal.wrl
      (at (xyz 0 0 0))
      (scale (xyz 1 1 1))
      (rotate (xyz 0 0 0))
    )
  )

  (module Diode_THT:D_DO-41_SOD81_P7.62mm_Horizontal (layer F.Cu) (tedit 5AE50CD5) (tstamp 60D15CF2)
    (at 80.655 41.875)
    (descr "Diode, DO-41_SOD81 series, Axial, Horizontal, pin pitch=7.62mm, , length*diameter=5.2*2.7mm^2, , http://www.diodes.com/_files/packages/DO-41%20(Plastic).pdf")
    (tags "Diode DO-41_SOD81 series Axial Horizontal pin pitch 7.62mm  length 5.2mm diameter 2.7mm")
    (path /60A36808)
    (fp_text reference D6 (at 3.81 -2.47) (layer F.SilkS)
      (effects (font (size 1 1) (thickness 0.15)))
    )
    (fp_text value 1N4004 (at 3.81 2.47) (layer F.Fab)
      (effects (font (size 1 1) (thickness 0.15)))
    )
    (fp_line (start 1.21 -1.35) (end 1.21 1.35) (layer F.Fab) (width 0.1))
    (fp_line (start 1.21 1.35) (end 6.41 1.35) (layer F.Fab) (width 0.1))
    (fp_line (start 6.41 1.35) (end 6.41 -1.35) (layer F.Fab) (width 0.1))
    (fp_line (start 6.41 -1.35) (end 1.21 -1.35) (layer F.Fab) (width 0.1))
    (fp_line (start 0 0) (end 1.21 0) (layer F.Fab) (width 0.1))
    (fp_line (start 7.62 0) (end 6.41 0) (layer F.Fab) (width 0.1))
    (fp_line (start 1.99 -1.35) (end 1.99 1.35) (layer F.Fab) (width 0.1))
    (fp_line (start 2.09 -1.35) (end 2.09 1.35) (layer F.Fab) (width 0.1))
    (fp_line (start 1.89 -1.35) (end 1.89 1.35) (layer F.Fab) (width 0.1))
    (fp_line (start 1.09 -1.34) (end 1.09 -1.47) (layer F.SilkS) (width 0.12))
    (fp_line (start 1.09 -1.47) (end 6.53 -1.47) (layer F.SilkS) (width 0.12))
    (fp_line (start 6.53 -1.47) (end 6.53 -1.34) (layer F.SilkS) (width 0.12))
    (fp_line (start 1.09 1.34) (end 1.09 1.47) (layer F.SilkS) (width 0.12))
    (fp_line (start 1.09 1.47) (end 6.53 1.47) (layer F.SilkS) (width 0.12))
    (fp_line (start 6.53 1.47) (end 6.53 1.34) (layer F.SilkS) (width 0.12))
    (fp_line (start 1.99 -1.47) (end 1.99 1.47) (layer F.SilkS) (width 0.12))
    (fp_line (start 2.11 -1.47) (end 2.11 1.47) (layer F.SilkS) (width 0.12))
    (fp_line (start 1.87 -1.47) (end 1.87 1.47) (layer F.SilkS) (width 0.12))
    (fp_line (start -1.35 -1.6) (end -1.35 1.6) (layer F.CrtYd) (width 0.05))
    (fp_line (start -1.35 1.6) (end 8.97 1.6) (layer F.CrtYd) (width 0.05))
    (fp_line (start 8.97 1.6) (end 8.97 -1.6) (layer F.CrtYd) (width 0.05))
    (fp_line (start 8.97 -1.6) (end -1.35 -1.6) (layer F.CrtYd) (width 0.05))
    (fp_text user K (at 0 -2.1) (layer F.SilkS)
      (effects (font (size 1 1) (thickness 0.15)))
    )
    (fp_text user K (at 0 -2.1) (layer F.Fab)
      (effects (font (size 1 1) (thickness 0.15)))
    )
    (fp_text user %R (at 4.2 0) (layer F.Fab)
      (effects (font (size 1 1) (thickness 0.15)))
    )
    (pad 2 thru_hole oval (at 7.62 0) (size 2.2 2.2) (drill 1.1) (layers *.Cu *.Mask)
      (net 7 GND))
    (pad 1 thru_hole rect (at 0 0) (size 2.2 2.2) (drill 1.1) (layers *.Cu *.Mask)
      (net 13 "Net-(D6-Pad1)"))
    (model ${KISYS3DMOD}/Diode_THT.3dshapes/D_DO-41_SOD81_P7.62mm_Horizontal.wrl
      (at (xyz 0 0 0))
      (scale (xyz 1 1 1))
      (rotate (xyz 0 0 0))
    )
  )

  (module Diode_THT:D_DO-41_SOD81_P7.62mm_Horizontal (layer F.Cu) (tedit 5AE50CD5) (tstamp 60D15D11)
    (at 82.725 53.425)
    (descr "Diode, DO-41_SOD81 series, Axial, Horizontal, pin pitch=7.62mm, , length*diameter=5.2*2.7mm^2, , http://www.diodes.com/_files/packages/DO-41%20(Plastic).pdf")
    (tags "Diode DO-41_SOD81 series Axial Horizontal pin pitch 7.62mm  length 5.2mm diameter 2.7mm")
    (path /60A37077)
    (fp_text reference D7 (at 3.81 -2.47) (layer F.SilkS)
      (effects (font (size 1 1) (thickness 0.15)))
    )
    (fp_text value 1N4004 (at 3.81 2.47) (layer F.Fab)
      (effects (font (size 1 1) (thickness 0.15)))
    )
    (fp_line (start 8.97 -1.6) (end -1.35 -1.6) (layer F.CrtYd) (width 0.05))
    (fp_line (start 8.97 1.6) (end 8.97 -1.6) (layer F.CrtYd) (width 0.05))
    (fp_line (start -1.35 1.6) (end 8.97 1.6) (layer F.CrtYd) (width 0.05))
    (fp_line (start -1.35 -1.6) (end -1.35 1.6) (layer F.CrtYd) (width 0.05))
    (fp_line (start 1.87 -1.47) (end 1.87 1.47) (layer F.SilkS) (width 0.12))
    (fp_line (start 2.11 -1.47) (end 2.11 1.47) (layer F.SilkS) (width 0.12))
    (fp_line (start 1.99 -1.47) (end 1.99 1.47) (layer F.SilkS) (width 0.12))
    (fp_line (start 6.53 1.47) (end 6.53 1.34) (layer F.SilkS) (width 0.12))
    (fp_line (start 1.09 1.47) (end 6.53 1.47) (layer F.SilkS) (width 0.12))
    (fp_line (start 1.09 1.34) (end 1.09 1.47) (layer F.SilkS) (width 0.12))
    (fp_line (start 6.53 -1.47) (end 6.53 -1.34) (layer F.SilkS) (width 0.12))
    (fp_line (start 1.09 -1.47) (end 6.53 -1.47) (layer F.SilkS) (width 0.12))
    (fp_line (start 1.09 -1.34) (end 1.09 -1.47) (layer F.SilkS) (width 0.12))
    (fp_line (start 1.89 -1.35) (end 1.89 1.35) (layer F.Fab) (width 0.1))
    (fp_line (start 2.09 -1.35) (end 2.09 1.35) (layer F.Fab) (width 0.1))
    (fp_line (start 1.99 -1.35) (end 1.99 1.35) (layer F.Fab) (width 0.1))
    (fp_line (start 7.62 0) (end 6.41 0) (layer F.Fab) (width 0.1))
    (fp_line (start 0 0) (end 1.21 0) (layer F.Fab) (width 0.1))
    (fp_line (start 6.41 -1.35) (end 1.21 -1.35) (layer F.Fab) (width 0.1))
    (fp_line (start 6.41 1.35) (end 6.41 -1.35) (layer F.Fab) (width 0.1))
    (fp_line (start 1.21 1.35) (end 6.41 1.35) (layer F.Fab) (width 0.1))
    (fp_line (start 1.21 -1.35) (end 1.21 1.35) (layer F.Fab) (width 0.1))
    (fp_text user %R (at 4.2 0) (layer F.Fab)
      (effects (font (size 1 1) (thickness 0.15)))
    )
    (fp_text user K (at 0 -2.1) (layer F.Fab)
      (effects (font (size 1 1) (thickness 0.15)))
    )
    (fp_text user K (at 0 -2.1) (layer F.SilkS)
      (effects (font (size 1 1) (thickness 0.15)))
    )
    (pad 1 thru_hole rect (at 0 0) (size 2.2 2.2) (drill 1.1) (layers *.Cu *.Mask)
      (net 14 "Net-(D7-Pad1)"))
    (pad 2 thru_hole oval (at 7.62 0) (size 2.2 2.2) (drill 1.1) (layers *.Cu *.Mask)
      (net 7 GND))
    (model ${KISYS3DMOD}/Diode_THT.3dshapes/D_DO-41_SOD81_P7.62mm_Horizontal.wrl
      (at (xyz 0 0 0))
      (scale (xyz 1 1 1))
      (rotate (xyz 0 0 0))
    )
  )

  (module Diode_THT:D_DO-41_SOD81_P7.62mm_Horizontal (layer F.Cu) (tedit 5AE50CD5) (tstamp 60D15D30)
    (at 80.655 37.625)
    (descr "Diode, DO-41_SOD81 series, Axial, Horizontal, pin pitch=7.62mm, , length*diameter=5.2*2.7mm^2, , http://www.diodes.com/_files/packages/DO-41%20(Plastic).pdf")
    (tags "Diode DO-41_SOD81 series Axial Horizontal pin pitch 7.62mm  length 5.2mm diameter 2.7mm")
    (path /60A3779A)
    (fp_text reference D8 (at 3.81 -2.47) (layer F.SilkS)
      (effects (font (size 1 1) (thickness 0.15)))
    )
    (fp_text value 1N4004 (at 3.81 2.47) (layer F.Fab)
      (effects (font (size 1 1) (thickness 0.15)))
    )
    (fp_line (start 8.97 -1.6) (end -1.35 -1.6) (layer F.CrtYd) (width 0.05))
    (fp_line (start 8.97 1.6) (end 8.97 -1.6) (layer F.CrtYd) (width 0.05))
    (fp_line (start -1.35 1.6) (end 8.97 1.6) (layer F.CrtYd) (width 0.05))
    (fp_line (start -1.35 -1.6) (end -1.35 1.6) (layer F.CrtYd) (width 0.05))
    (fp_line (start 1.87 -1.47) (end 1.87 1.47) (layer F.SilkS) (width 0.12))
    (fp_line (start 2.11 -1.47) (end 2.11 1.47) (layer F.SilkS) (width 0.12))
    (fp_line (start 1.99 -1.47) (end 1.99 1.47) (layer F.SilkS) (width 0.12))
    (fp_line (start 6.53 1.47) (end 6.53 1.34) (layer F.SilkS) (width 0.12))
    (fp_line (start 1.09 1.47) (end 6.53 1.47) (layer F.SilkS) (width 0.12))
    (fp_line (start 1.09 1.34) (end 1.09 1.47) (layer F.SilkS) (width 0.12))
    (fp_line (start 6.53 -1.47) (end 6.53 -1.34) (layer F.SilkS) (width 0.12))
    (fp_line (start 1.09 -1.47) (end 6.53 -1.47) (layer F.SilkS) (width 0.12))
    (fp_line (start 1.09 -1.34) (end 1.09 -1.47) (layer F.SilkS) (width 0.12))
    (fp_line (start 1.89 -1.35) (end 1.89 1.35) (layer F.Fab) (width 0.1))
    (fp_line (start 2.09 -1.35) (end 2.09 1.35) (layer F.Fab) (width 0.1))
    (fp_line (start 1.99 -1.35) (end 1.99 1.35) (layer F.Fab) (width 0.1))
    (fp_line (start 7.62 0) (end 6.41 0) (layer F.Fab) (width 0.1))
    (fp_line (start 0 0) (end 1.21 0) (layer F.Fab) (width 0.1))
    (fp_line (start 6.41 -1.35) (end 1.21 -1.35) (layer F.Fab) (width 0.1))
    (fp_line (start 6.41 1.35) (end 6.41 -1.35) (layer F.Fab) (width 0.1))
    (fp_line (start 1.21 1.35) (end 6.41 1.35) (layer F.Fab) (width 0.1))
    (fp_line (start 1.21 -1.35) (end 1.21 1.35) (layer F.Fab) (width 0.1))
    (fp_text user %R (at 4.2 0) (layer F.Fab)
